26
3 9
1 1 3 2 2 2 4 2 1
3 8
2 2 1 3 3 4 1 2
2 10
2 1 3 1 4 1 2 2 1 3
3 13
2 2 1 5 10 2 5 3 2 1 1 1 1
3 11
5 3 1 6 9 7 10 5 3 5 3
4 9
1 1 3 2 2 2 4 2 1
5 11
1 1 1 2 1 1 1 2 1 3 1
3 12
4 1 5 1 3 2 1 4 3 1 1 2
1 1
98765
1 10
1 2 3 4 5 6 7 8 9 10
10 20
10 9 10 9 10 9 10 9 10 9 10 9 10 9 10 9 10 9 10 9
4 13
2 2 2 10 2 2 2 2 2 5 5 2 2
4 13
2 2 2 10 2 2 2 5 2 2 5 2 2
6 4
1 1 1 1
2 12
4 4 2 3 4 4 3 3 2 1 4 2
3 12
4 4 2 3 4 4 3 3 2 1 4 2
4 12
4 4 2 3 4 4 3 3 2 1 4 2
2 15
1 3 1 2 1 2 1 2 3 2 2 1 2 3 2
3 15
1 3 1 2 1 2 1 2 3 2 2 1 2 3 2
4 15
1 3 1 2 1 2 1 2 3 2 2 1 2 3 2
2 20
3 2 1 2 1 2 1 3 1 1 2 1 3 2 3 3 2 2 2 1
3 20
3 2 1 2 1 2 1 3 1 1 2 1 3 2 3 3 2 2 2 1
4 20
3 2 1 2 1 2 1 3 1 1 2 1 3 2 3 3 2 2 2 1
2 20
1 2 1 1 1 2 1 1 2 2 1 1 1 1 1 1 1 2 1 2
3 20
1 2 1 1 1 2 1 1 2 2 1 1 1 1 1 1 1 2 1 2
4 20
1 2 1 1 1 2 1 1 2 2 1 1 1 1 1 1 1 2 1 2
